132064 132064 0.000000
132064 186728 0.786292
132064 60389 0.859822
132064 121609 0.613727
132064 285460 0.626804
132064 453236 0.899816
186728 132064 0.786292
186728 186728 0.000000
186728 60389 0.452961
186728 121609 0.651547
186728 285460 0.103669
186728 453236 0.115213
60389 132064 0.859822
60389 186728 0.452961
60389 60389 0.000000
60389 121609 0.308094
60389 285460 0.189857
60389 453236 0.403016
121609 132064 0.613727
121609 186728 0.651547
121609 60389 0.308094
121609 121609 0.000000
121609 285460 0.458998
121609 453236 0.240686
285460 132064 0.626804
285460 186728 0.103669
285460 60389 0.189857
285460 121609 0.458998
285460 285460 0.000000
285460 453236 0.670933
453236 132064 0.899816
453236 186728 0.115213
453236 60389 0.403016
453236 121609 0.240686
453236 285460 0.670933
453236 453236 0.000000