132064 132064 0.000000
132064 289383 0.119691
132064 186728 0.786292
132064 87858 0.563211
132064 60389 0.859822
132064 121609 0.613727
289383 132064 0.119691
289383 289383 0.000000
289383 186728 0.243895
289383 87858 0.863188
289383 60389 0.761557
289383 121609 0.586690
186728 132064 0.786292
186728 289383 0.243895
186728 186728 0.000000
186728 87858 0.979443
186728 60389 0.452961
186728 121609 0.651547
87858 132064 0.563211
87858 289383 0.863188
87858 186728 0.979443
87858 87858 0.000000
87858 60389 0.829806
87858 121609 0.607022
60389 132064 0.859822
60389 289383 0.761557
60389 186728 0.452961
60389 87858 0.829806
60389 60389 0.000000
60389 121609 0.308094
121609 132064 0.613727
121609 289383 0.586690
121609 186728 0.651547
121609 87858 0.607022
121609 60389 0.308094
121609 121609 0.000000